lastAccountName: YuanGao
timestamps:
  login: 1594305310812
  logout: 1594305346319
ipAddress: 134.114.43.185
logoutlocation:
  world: world
  x: -110.18569708354515
  y: 86.0
  z: -121.37340122621039
  yaw: -112.94999
  pitch: 9.750042
