lastAccountName: dkjole28
timestamps:
  login: 1594539779220
  logout: 1594542320331
ipAddress: 93.142.217.132
logoutlocation:
  world: world
  x: -2972.5157969540423
  y: 67.0
  z: 299.97711595840616
  yaw: -38.59784
  pitch: 23.249937
