lastAccountName: antdd29
timestamps:
  login: 1594577122920
  logout: 1594577154229
  lastteleport: 1594524398746
ipAddress: 64.121.205.31
logoutlocation:
  world: world
  x: 943.0622613239334
  y: 73.0
  z: -78.61647837015333
  yaw: 82.3716
  pitch: 21.449442
lastlocation:
  world: world
  x: -107.5
  y: 85.02159847259522
  z: -126.5
  yaw: 0.0
  pitch: 0.0
