lastAccountName: antdd29
timestamps:
  login: 1594523200934
  logout: 1594522697784
  lastteleport: 1594518260301
ipAddress: 64.121.205.31
logoutlocation:
  world: world
  x: 619.6788159318099
  y: 62.23868441889229
  z: -36.44775081473241
  yaw: -145.23679
  pitch: 4.949508
lastlocation:
  world: world
  x: -611.2921689343641
  y: 64.0
  z: -542.3894076264584
  yaw: 50.549946
  pitch: 29.249971
