lastAccountName: ThOldDragon
timestamps:
  login: 1594211355512
  logout: 1594212134769
ipAddress: 23.141.32.56
logoutlocation:
  world: world
  x: -103.96815855703458
  y: 69.53584062504456
  z: -223.95796957222413
  yaw: -283.79993
  pitch: 26.099983
