lastAccountName: clowntimez
timestamps:
  login: 1594517274062
  logout: 1594519072005
ipAddress: 68.95.100.88
lastlocation:
  world: world
  x: -92.76286517107835
  y: 78.0
  z: -42.10084907188265
  yaw: -79.650116
  pitch: 30.899857
logoutlocation:
  world: world
  x: -214.9123910405768
  y: 66.0
  z: -128.82044267840556
  yaw: 277.20215
  pitch: 9.149934
