lastAccountName: Maoise
timestamps:
  login: 1594551581970
  logout: 1594551593679
ipAddress: 46.107.45.124
logoutlocation:
  world: world
  x: -132.7095949128261
  y: 71.875
  z: -144.43402920266323
  yaw: 153.49612
  pitch: 9.450025
