lastAccountName: C_qh
timestamps:
  login: 1594531547770
  logout: 1594531592728
ipAddress: 119.123.68.41
logoutlocation:
  world: world
  x: -103.5
  y: 84.0
  z: -127.5
  yaw: 77.99927
  pitch: 19.04981
