lastAccountName: FPBagel
timestamps:
  login: 1594516618062
  logout: 1594516999538
ipAddress: 98.24.226.220
logoutlocation:
  world: world
  x: 35.300000011920936
  y: 70.0
  z: -198.69999998807907
  yaw: -4.345337
  pitch: 17.24985
