lastAccountName: Coffin_
timestamps:
  login: 1594511176663
  logout: 1594513922329
ipAddress: 97.118.109.215
logoutlocation:
  world: world
  x: -6624.300000011921
  y: 76.0
  z: 5405.699999988079
  yaw: 56.281525
  pitch: 29.411812
afk: false
