lastAccountName: baby_Thundurh
timestamps:
  login: 1594214898912
  logout: 1594214903968
ipAddress: 145.132.116.170
logoutlocation:
  world: world
  x: -108.45504013023728
  y: 85.0
  z: -127.65875573077666
  yaw: 18.787663
  pitch: -0.5999999
