lastAccountName: TheCactusKing_
timestamps:
  login: 1594517589412
  logout: 1594517328237
  lastteleport: 1594520436797
ipAddress: 203.81.241.170
logoutlocation:
  world: world
  x: -328.9530295780432
  y: 9.0
  z: -166.30000001192093
  yaw: 203.92596
  pitch: 35.25002
homes:
  home:
    world: world
    x: -255.74613187742594
    y: 69.0
    z: -153.2480008696966
    yaw: -174.60074
    pitch: 45.30003
lastlocation:
  world: world
  x: -101.5
  y: 94.0
  z: -130.5
  yaw: 0.0
  pitch: 0.0
