lastAccountName: SummerLightDark
timestamps:
  login: 1594517130912
  lastteleport: 1594517520886
  logout: 1594517808988
ipAddress: 49.145.206.77
lastlocation:
  world: world
  x: -119.5
  y: 85.0
  z: -127.5
  yaw: 0.0
  pitch: 0.0
logoutlocation:
  world: world
  x: -204.30091195077455
  y: 73.0
  z: -17.449574654825987
  yaw: -297.90015
  pitch: 33.900005
