lastAccountName: AlanDrawsOP4
timestamps:
  login: 1594575772070
  lastteleport: 1594574458214
  logout: 1594574530778
ipAddress: 73.98.197.116
lastlocation:
  world: world
  x: 175.0221115914455
  y: 64.0
  z: -323.63309254870666
  yaw: -1.1635742
  pitch: 30.946892
logoutlocation:
  world: world
  x: 209.77591495836174
  y: 63.0
  z: -301.0871886557485
  yaw: -234.11076
  pitch: 34.973217
