lastAccountName: Lordofalltech
timestamps:
  login: 1594426375062
  logout: 1594426603274
ipAddress: 98.103.99.34
logoutlocation:
  world: world
  x: 2.300000011920929
  y: 68.02442408821369
  z: 390.69999998807907
  yaw: -204.9587
  pitch: 68.54978
