lastAccountName: StorySwapAsriel
timestamps:
  login: 1594524771871
  lastteleport: 1594527412699
  logout: 1594528522394
ipAddress: 73.181.176.65
lastlocation:
  world: world
  x: 176.77551622708123
  y: 68.0
  z: -955.582633615111
  yaw: -330.85168
  pitch: 17.09961
logoutlocation:
  world: world
  x: 7209.495342316336
  y: 72.0
  z: -5925.128570644242
  yaw: -122.42236
  pitch: 22.950117
