lastAccountName: NagatakeAoyama
timestamps:
  login: 1594530805020
  logout: 1594531294280
ipAddress: 82.79.62.177
logoutlocation:
  world: world
  x: 2.312500000000021
  y: 62.073265152906956
  z: 120.3125
  yaw: -50.318756
  pitch: 23.100176
