lastAccountName: DrFriedChicken
timestamps:
  login: 1594561597670
  lastteleport: 1594562924808
  logout: 1594563033279
ipAddress: 98.202.84.83
lastlocation:
  world: world
  x: -116.5
  y: 86.0
  z: -123.5
  yaw: 3.1500003
  pitch: -1.6500001
logoutlocation:
  world: world
  x: -544.7654474674886
  y: 11.0
  z: -396.5475430184883
  yaw: 133.1901
  pitch: -71.99997
