lastAccountName: Caio_Suzuki
timestamps:
  login: 1594565121220
  logout: 1594565218833
ipAddress: 201.62.51.83
logoutlocation:
  world: world
  x: -82.87051047229087
  y: 73.0
  z: -299.45755300331297
  yaw: -269.1019
  pitch: 69.899956
