lastAccountName: GooseSD
timestamps:
  login: 1594518714317
  logout: 1594519030932
ipAddress: 151.196.43.210
logoutlocation:
  world: world
  x: -579.0574987288483
  y: 74.0
  z: -692.5971425082656
  yaw: 223.40076
  pitch: 20.09988
