lastAccountName: Emilythedancer
timestamps:
  login: 1594522155462
  logout: 1594522200733
ipAddress: 73.137.34.187
logoutlocation:
  world: world
  x: -209.72354010476587
  y: 70.0
  z: -11.686315584954533
  yaw: -102.7167
  pitch: 27.89994
