lastAccountName: SPK_Dante
timestamps:
  login: 1594527349634
  logout: 1594528415342
ipAddress: 201.214.98.177
logoutlocation:
  world: world
  x: 6786.398519081939
  y: 64.0
  z: -6187.124189044446
  yaw: -153.02264
  pitch: 22.350014
