lastAccountName: Caio_Suzuki
timestamps:
  login: 1594512397012
  logout: 1594513186275
ipAddress: 201.62.51.83
afk: false
logoutlocation:
  world: world
  x: -133.50856674099725
  y: 72.0
  z: -145.04269268906577
  yaw: -39.902138
  pitch: 31.80001
