lastAccountName: TheCactusKing_
timestamps:
  login: 1594551315870
  lastteleport: 1594543604913
  logout: 1594552264929
ipAddress: 203.81.241.170
lastlocation:
  world: world
  x: -209.47706436980317
  y: 64.0
  z: -49.450344686009345
  yaw: 208.50146
  pitch: 25.949955
logoutlocation:
  world: world
  x: -263.432621111952
  y: 62.0
  z: -161.11016524680167
  yaw: 323.2528
  pitch: 44.40001
homes:
  home:
    world: world
    x: -255.15472029529184
    y: 69.0
    z: -154.39104524307288
    yaw: 68.84957
    pitch: 27.899977
