lastAccountName: Dougiie
timestamps:
  login: 1594577692770
  logout: 1594577516476
  lastteleport: 1594578625297
ipAddress: 81.204.162.58
logoutlocation:
  world: world
  x: -112.2202016870574
  y: 86.0
  z: -122.61303847572589
  yaw: -322.46582
  pitch: 21.750008
lastlocation:
  world: world
  x: -56.291286392911
  y: 94.16610926093821
  z: 168.59518007692157
  yaw: 146.24933
  pitch: 31.949202
