lastAccountName: StaffIsGay
timestamps:
  login: 1594169277489
  logout: 1594169304922
ipAddress: 98.184.69.38
logoutlocation:
  world: world
  x: -92.92776667076807
  y: 80.0
  z: -87.64974250843224
  yaw: 80.22355
  pitch: 26.227598
